#Crie um programa que peça ao usuário um número, e retorne todos os múltiplos do número escolhido pelo usuário de 1 a 10
número= int(input('Escreva Um número de 1 a 10 ->'))

núm1= 0,1,2,3,4,5,6,7,8,9,10
núm2=0,2,4,6,8,10,12,14,16,18,20
núm3=0,3,6,9,12,15,18,21,24,27,30
núm4=0,4,8,12,16,20,24,28,32,36,40
núm5=0,5,10,15,20,25,30,35,40,45,50
núm6=0,6,12,18,24,30,36,42,48,54,60
núm7=0,7,14,21,28,35,42,49,56,63,70
núm8=0,8,16,24,32,40,48,56,64,72,80
núm9=0,9,18,27,36,45,54,63,72,81,90
núm10=0,10,20,30,40,50,60,70,80,90,100

if número == 1 :
    print(f"{núm1}")
if número == 2: 
    print(f"{núm2}")
if número == 3: 
    print(f"{núm3}")
if número == 4: 
    print(f"{núm4}")
if número == 5: 
    print(f"{núm5}")
if número == 6: 
    print(f"{núm6}")
if número == 7: 
    print(f"{núm7}")
if número == 8: 
    print(f"{núm8}")
if número == 9: 
    print(f"{núm9}")
if número == 10: 
    print(f"{núm10}")




